File	NoRawReads	RawBasePairs	ReadLength	NoTrimmedReads	TrimmedReadsRemaining	TrimmedBasePairs	TrimmedBasesRemaining	ReadLength	NoTrimmedReadsP	TrimmedBasePairsP	ReadLength2
3-2-12-1_CAGATC.log	4,413,034	441,303,400	100	4,408,330	99.9%	436,524,696	98.9%	100	4,408,330 (99.9%)	436,524,696 (98.9%)	100
3-2-12-3_ACTTGA.log	4,879,212	487,921,200	100	4,874,197	99.9%	482,650,950	98.9%	100	4,874,197 (99.9%)	482,650,950 (98.9%)	100
3-2-12-6_GATCAG.log	6,924,929	692,492,900	100	6,917,779	99.9%	684,921,997	98.9%	100	6,917,779 (99.9%)	684,921,997 (98.9%)	100
3-2-124C10_AGTTCC.log	6,848,552	684,855,200	100	6,841,362	99.9%	677,221,116	98.9%	99	6,841,362 (99.9%)	677,221,116 (98.9%)	99
3-2-124C16_ATGTCA.log	5,438,538	543,853,800	100	5,432,751	99.9%	531,646,511	97.8%	98	5,432,751 (99.9%)	531,646,511 (97.8%)	98
3-2-124C2_AGTCAA.log	3,772,703	377,270,300	100	3,769,175	99.9%	373,194,957	98.9%	100	3,769,175 (99.9%)	373,194,957 (98.9%)	100
BD-21-3_ACAGTG.log	5,814,741	581,474,100	100	5,809,152	99.9%	575,028,656	98.9%	99	5,809,152 (99.9%)	575,028,656 (98.9%)	99
BD-21-5_GCCAAT.log	9,792,218	979,221,800	100	9,780,437	99.9%	968,061,962	98.9%	99	9,780,437 (99.9%)	968,061,962 (98.9%)	99
BD21-1_TGACCA.log	6,258,250	625,825,000	100	6,251,281	99.9%	618,965,998	98.9%	100	6,251,281 (99.9%)	618,965,998 (98.9%)	100
BD214C-2_TAGCTT.log	3,856,468	385,646,800	100	3,851,539	99.9%	381,163,238	98.8%	99	3,851,539 (99.9%)	381,163,238 (98.8%)	99
BD214C-4_GGCTAC.log	3,081,136	308,113,600	100	3,078,375	99.9%	305,076,878	99.0%	100	3,078,375 (99.9%)	305,076,878 (99.0%)	100
BD214C-6_CTTGTA.log	4,732,103	473,210,300	100	4,726,701	99.9%	467,685,115	98.8%	99	4,726,701 (99.9%)	467,685,115 (98.8%)	99
Bri-57-1_GTCCGC.log	11,957,506	1,195,750,600	100	11,942,198	99.9%	1,177,528,917	98.5%	99	11,942,198 (99.9%)	1,177,528,917 (98.5%)	99
CB_CCGTCC.log	7,373,802	737,380,200	100	7,366,254	99.9%	723,410,078	98.1%	99	7,366,254 (99.9%)	723,410,078 (98.1%)	99
