File	NoRawReads	RawBasePairs	ReadLength	NoTrimmedReads	TrimmedReadsRemaining	TrimmedBasePairs	TrimmedBasesRemaining	ReadLength	NoTrimmedReadsP	TrimmedBasePairsP	ReadLength2
3-2-12-1_CAGATC.log	7,211,233	721,123,300	100	7,198,988	99.8%	710,071,208	98.5%	99	7,198,988 (99.8%)	710,071,208 (98.5%)	99
3-2-12-3_ACTTGA.log	7,733,262	773,326,200	100	7,720,081	99.8%	761,488,920	98.5%	99	7,720,081 (99.8%)	761,488,920 (98.5%)	99
3-2-12-6_GATCAG.log	10,373,448	1,037,344,800	100	10,356,250	99.8%	1,021,483,855	98.5%	99	10,356,250 (99.8%)	1,021,483,855 (98.5%)	99
3-2-124C10_AGTTCC.log	8,491,494	849,149,400	100	8,477,376	99.8%	835,877,003	98.4%	99	8,477,376 (99.8%)	835,877,003 (98.4%)	99
3-2-124C16_ATGTCA.log	8,460,675	846,067,500	100	8,446,487	99.8%	823,447,553	97.3%	98	8,446,487 (99.8%)	823,447,553 (97.3%)	98
3-2-124C2_AGTCAA.log	5,338,075	533,807,500	100	5,330,123	99.9%	525,824,193	98.5%	99	5,330,123 (99.9%)	525,824,193 (98.5%)	99
BD-21-3_ACAGTG.log	8,400,091	840,009,100	100	8,387,264	99.8%	827,354,676	98.5%	99	8,387,264 (99.8%)	827,354,676 (98.5%)	99
BD-21-5_GCCAAT.log	15,120,393	1,512,039,300	100	15,091,576	99.8%	1,487,025,385	98.3%	99	15,091,576 (99.8%)	1,487,025,385 (98.3%)	99
BD21-1_TGACCA.log	9,092,056	909,205,600	100	9,076,026	99.8%	895,031,806	98.4%	99	9,076,026 (99.8%)	895,031,806 (98.4%)	99
BD214C-2_TAGCTT.log	7,060,383	706,038,300	100	7,046,535	99.8%	694,150,528	98.3%	99	7,046,535 (99.8%)	694,150,528 (98.3%)	99
BD214C-4_GGCTAC.log	7,073,778	707,377,800	100	7,063,598	99.9%	697,535,351	98.6%	99	7,063,598 (99.9%)	697,535,351 (98.6%)	99
BD214C-6_CTTGTA.log	6,309,635	630,963,500	100	6,298,342	99.8%	620,613,112	98.4%	99	6,298,342 (99.8%)	620,613,112 (98.4%)	99
Bri-57-1_GTCCGC.log	16,294,052	1,629,405,200	100	16,259,831	99.8%	1,595,946,154	97.9%	99	16,259,831 (99.8%)	1,595,946,154 (97.9%)	99
CB_CCGTCC.log	10,295,858	1,029,585,800	100	10,279,303	99.8%	1,006,192,009	97.7%	98	10,279,303 (99.8%)	1,006,192,009 (97.7%)	98
